id ground_truth predicted
1000366883 2 2
1001131 5 5
1001577 8 8
1004215 3 3
1005724275 9 9
100615 13 13
1006530040 6 6
1011069317 2 2
1011730119 2 2
1011804899 3 3
1011931657 9 9
1011934 3 3
101767 7 7
1018744 3 3
1020140806 6 6
1024139 1 1
1024294541 2 2
1025843957 12 12
1026232 5 5
1028074075 5 5
1028080892 5 5
1028081342 5 5
1028085759 7 3
1028085965 7 0
1028094195 6 6
1028094245 5 5
1028094280 10 12
1028095812 3 3
1028097905 1 1
1028099435 1 1
1028099804 1 1
1028100324 1 1
1028100567 12 12
1028100578 12 12
1028100594 12 12
1028100610 12 12
1028100626 12 12
1028100629 12 12
1028100633 12 12
1028100645 12 12
1028100646 12 12
1028100685 12 12
1028100781 12 12
1028223005 5 5
1028848471 12 12
1029288 13 13
1029951 5 5
1030290 7 7
1030595 1 1
1031718 12 12
1033429 11 11
1033698867 3 3
103432 8 8
1035689 7 7
1035761 12 12
1036119841 3 3
1036665709 9 9
1039437 12 12
1039476118 5 5
1044867 1 1
1045045 11 11
1058823 11 11
1060522881 3 3
1061158352 5 5
1063842728 5 5
1064045 13 13
1065003 12 12
106676 1 1
1068334 3 3
1072654 12 12
1074866 6 6
1080153679 5 5
1086434 11 11
1091550 1 1
1092647 7 7
1092689 13 13
1093796 7 7
1094330 12 12
109451 12 12
1095838 12 12
1097346 8 8
1097741 1 1
1098480857 1 1
1099493 1 1
1099975 3 3
1105502048 7 3
1105502103 5 5
1105502106 2 2
1105502108 5 5
1106757 3 3
111841 8 8
1122986 5 5
1124067 3 3
1124233 11 11
1127289 5 5
1130115 8 8
1134597 7 7
113747 7 7
114012 11 11
1140301 12 12
114127 8 8
1142930 7 7
1143395 7 7
1144183 3 3
1144505 8 8
1152329478 13 13
1154038 7 7
1159360 1 1
1164642 5 5
1175783 1 1
1176 12 12
118175142 3 3
1184168 12 12
1190736 12 12
11912 5 5
1192045 7 7
1193104 1 1
1194482 1 1
1198147 11 11
1201190426 3 3
120832 1 3
1209699 11 11
1210378 1 1
121124 1 1
121262 8 8
1213761 3 3
1214756 1 1
1215180 13 13
1216653 8 8
1217850 7 0
1220902 1 1
1221448 5 5
1221866 1 1
1228373 7 7
1230279 3 3
1231828 11 11
1232790 5 5
1233369 1 1
1238690 7 7
124248221 3 3
1250286 12 12
1252581 1 1
1256823 8 8
125775 8 8
1259641 12 12
126425 12 12
1265030 1 1
126637 11 11
1266495 7 7
1267669 1 1
1270608 5 5
1279355 1 1
127946 12 12
1281781 1 1
1282888 1 1
1283922 5 5
1287290 1 1
1288915 8 8
1290413 11 3
129100 13 13
1291163 7 7
1291755 5 5
1292360 3 3
1299733 7 7
1303184 1 1
1304470 1 1
1304472397 1 1
1307929 1 1
1310787 7 7
1319091 1 1
1322519 6 6
1324089 13 13
132456 11 11
1327123 12 12
1330549 3 3
1331531447 11 11
1335769 7 7
1335817 12 12
1337111 5 5
1338015 12 12
1339583 12 12
134133867 3 3
134133873 3 3
1345472 12 12
1346003 8 8
1346015 12 12
1348362 13 13
1349068 1 1
1349307 1 1
1353433 8 8
1355639 1 1
135821 1 1
1360289 12 12
1361090 1 1
1362712 7 7
1366297 8 8
1369503 1 1
1371311 8 8
1374782 8 8
137540 7 7
1375614 1 1
1385526 7 7
138698 12 12
1387163 12 12
1389888 1 1
1391639 6 6
1392222 3 3
1392450 1 1
139468 1 1
1396808 3 3
1398593 11 11
1399067 8 8
1401902 13 13
1404164 7 7
1405465 7 7
1405551 12 12
1410900 7 7
1411136 11 11
1411911 12 12
1412157 7 7
1414187 5 5
1414544 1 1
1416271 11 11
141754 1 1
1417790 1 1
1418086 1 1
1420394 12 12
1420894 5 5
142600 3 3
1428652 11 11
1428748 1 1
1429259 3 3
1429554 5 5
1430982 1 1
1431477 3 3
1431735 1 1
1435852 3 3
1438337 1 1
1439511 8 8
143967 8 8
1441004 1 1
1441237 13 13
144135 12 12
1444156 11 3
1444795 5 3
1445607 1 1
1449633 7 7
1449649 3 3
145161 3 3
1452874 12 12
1455673 8 8
1455730 8 8
1457888 1 1
1461760 12 12
1462085 5 5
1462791 1 1
1462915 8 8
1466027 7 7
1468159 1 1
1469918 8 8
147101 7 7
1471559 8 8
1472272 1 1
1472938 12 12
1474800 1 1
1475517 7 7
1480810 8 8
148533499 3 3
1489220 1 1
1491380 1 1
1499160 11 11
1501603 11 11
1503494 3 3
1520460 5 5
1521164 12 12
1523183 1 1
1525591 5 5
1526506 7 7
1535343 3 3
1535556 1 1
1536292 1 1
1536419 5 5
1536829 7 7
1537626 8 8
1545804 1 1
1550134 5 5
1555032 1 1
155519 8 8
1556674 5 5
1557862 12 12
1560885 3 3
1562299 1 1
1563793 1 1
1565998 12 12
1566246 1 1
1566610 12 12
1575139 12 12
1575494 1 1
1588731 5 5
1591843 3 3
1595 12 12
1596983 13 13
1599903 1 1
1602472 8 8
1606107 8 8
1610091 7 7
1610966 5 5
1612476 8 8
1612499 7 7
16130166 13 3
1627938 12 12
1629758 5 5
1632911 1 1
1635087 12 12
1645652 12 12
1649243 8 8
165037 5 5
1652399 5 5
1663196 1 1
1665125 3 3
1666183 1 1
1670962 1 1
1671537 1 1
1678279 8 8
1682292 7 7
1682353 1 1
1687750 11 11
16921 7 7
1692585 11 11
1702260 7 7
170317 7 7
1703173 8 8
170523 12 12
1711163 7 7
1712482 8 8
1712763 8 8
1713837 1 1
1722504 1 1
172439 1 1
1730567 8 8
173130 7 7
1739844 1 1
1746549 1 1
1751930 3 3
175262 8 8
175594 13 13
1756549 11 11
1758741 7 7
1763173 8 8
176838 1 1
1769113 8 8
1775696 12 12
177634 8 8
177766 12 12
1778571 1 1
1780196 13 13
1784361 12 12
1792592 3 3
1794598 13 13
1795464 13 13
18001151 3 3
1800273 11 11
1800557 1 1
1800582 1 1
1800681 12 12
1803443 1 1
1804765 5 5
1805639 13 13
1809663 1 1
1809686 3 3
1810790 12 12
181271 5 5
1819353 7 7
1819531 5 5
1822194 12 12
1828208 3 3
1829626 8 8
1829794 12 12
1833759 1 1
1834566 7 7
1835092 8 8
1835324 7 7
1836100 1 1
1840708 12 12
1842139 1 1
1842425 8 8
1848500 13 13
1848785 11 11
1854323 8 8
1864097 12 12
1865982 3 3
1866627 3 3
1870053 1 5
1870440 12 12
1878669 3 3
1878712 11 11
187977 12 12
1884886 6 6
1885654 1 1
1886251 8 8
1887839 12 12
1887873 5 5
1888319 13 13
1890782 1 1
1891321 7 0
1891884 11 11
1894522 7 7
1894897 3 3
1898687 12 12
1899198 5 5
1902279 8 8
1904995 13 13
1905684 11 11
1905840 12 12
1906162 5 5
1910019 1 1
19110887 3 3
1911634 3 3
1911670 11 11
1912787 8 8
1912948 12 12
191449 1 1
1920535 7 7
19214 5 5
1928524 8 8
1941714 1 1
1941877 7 7
1943421 8 8
1961671 7 7
1964159 1 1
1964376 8 8
1964864 7 7
1965480 1 1
1968378 1 1
1970372 5 5
1970962 7 7
197296835 3 3
197296836 3 3
1972977 11 11
1977601 7 7
1978712 11 11
1978774 13 13
1980182 5 5
1980528 1 1
1981104 7 7
1982652 3 3
1986967 7 7
19879250 3 3
1988591 6 6
198986 1 1
1994845 5 5
1998910 5 5
1999960 5 5
2000686 1 1
2003905 3 3
2004040 1 1
2006746 3 3
2010168 1 1
201559 13 13
2025030 11 11
2025639 7 0
2027772 1 1
2029289 1 1
2036016 3 3
2041492 13 13
2042164 7 7
204789633 1 1
204789674 1 0
2050128 5 5
2056147 3 3
2060798 1 1
2062241 12 12
2065010 8 5
2068068 5 5
2072721 8 8
2076416 5 5
2081460 3 3
2081564 8 8
2082256 1 1
2086351 8 8
2089280 5 5
2089937 8 8
2093101 12 12
2093498 11 11
2093515 12 12
2094663 7 7
2100936 11 11
2102988 7 7
2104318 1 1
2109022 8 8
2117633 12 12
2118183 11 11
211926987 12 3
211927017 12 3
212383 7 7
2138426 7 7
2139096 1 1
214057 1 1
2140776 1 1
2141969 7 7
2142065 1 1
2142187 5 5
2144365 12 12
2145011 7 7
2145017 1 1
2146093 3 3
2149205 11 11
215052 1 1
2151021 1 1
2151035 5 5
2151355 1 1
215949 12 12
2162025 7 7
2167825 8 8
216978 3 3
2170595 12 12
2170651 5 5
2171367 1 1
2175563 3 3
2181153 1 1
2184262 8 8
2186278 7 7
2196196 3 3
2196818 11 11
2207266 8 8
2209942 11 11
221053 1 1
221232 8 8
2212581 1 1
2214706 1 1
221624 5 5
2217295 1 1
2218856 12 12
2219798 7 7
2221973 1 1
2227953 7 7
2229064 5 5
223010 11 11
2232237 12 12
2238572 12 12
2238766 1 1
2243370 5 5
224588143 3 12
224588164 3 3
224588173 3 3
224588178 3 3
224588239 3 2
224588287 3 3
224588298 3 3
224588307 3 3
224588308 3 3
2246304 11 11
2246795 11 11
2253414 5 5
2253870 3 3
225393065 3 3
2254306 11 11
225612 8 8
2258232 12 12
2268897 1 1
2277007 7 0
22778480 3 3
2280168 8 8
2281825 5 5
2286981 1 1
2290244 5 5
2292212 1 1
2292739 3 3
2294187 13 13
2296484 12 12
2303247 5 5
2303361 13 13
2304674 1 1
2307480 12 12
2308995 3 3
2313017 12 12
2321068 3 3
2321989 12 12
2325035 1 1
2325366 12 12
2334242 11 11
2334263 12 12
2337662 1 1
2338897 12 12
2343744 3 3
23451048 3 3
2346345 8 8
2347243 5 5
2353020 5 5
2355438 7 7
2356390 7 7
2361135 13 13
2362607 1 1
2367986 11 11
2369671 12 12
2377845 7 7
237823426 2 2
2379885 11 11
2385048 5 5
2385069 1 1
2385330 1 1
2390651 8 8
2393020 1 1
2393337 1 1
2396106 1 1
2412936 1 1
2413484 8 8
242129262 3 3
242129265 3 3
2422473 1 1
2426339 7 7
2427826 1 1
2429684 8 8
2430465 12 12
2430770 1 1
2431391 8 8
243324 7 0
2435961 1 1
2441861 13 13
2443274 11 11
2447679 5 5
2449428 8 8
2458638 5 5
2462246 7 7
2469348 13 13
2473959 8 8
2474521 12 12
2474996 1 1
2476779 3 3
2478023 5 5
2480638 7 7
2481673 5 5
2482420 11 11
2484804 8 8
2487808 7 7
2489154 12 12
2489389 13 13
2492580 5 1
2498235 5 5
2498546 1 1
2498567 7 7
250535 7 7
2505895 7 7
2507378 11 11
250854 12 12
2509175 7 7
2510498 8 8
25140613 3 3
2514668 12 12
2517670 1 1
2517921 5 5
2518573 7 7
2519358 12 12
2521831 8 8
2522650 12 12
2523279 12 12
2525097 8 8
2525547 1 1
2525840 8 8
2526206 5 5
2528541 1 1
2533245 12 12
2539915 3 3
254316 1 1
2544550 1 1
2545109 5 5
254966766 3 3
254966871 3 3
254966883 3 3
254966888 3 3
254966948 3 3
254966984 15 15
254967003 12 12
254967027 12 12
254967029 12 12
254967031 12 12
254967038 12 12
254967048 12 12
254967054 12 12
254967145 1 1
254967240 5 5
2550128 6 15
256376 11 11
2564812 12 12
2565671 7 7
2567614 1 1
256775 1 1
2568502 3 3
257022 3 3
2570655 8 8
2570805 12 12
257136312 3 3
2571782 1 1
2574143 1 1
257803688 12 12
2580847 7 7
2585423 3 3
2594680 5 3
2597103 3 3
2597527 1 1
2599266 1 1
2599999 5 5
2600669 12 12
260218482 2 2
2602211 12 12
2605126 7 7
260679 8 8
2609520 8 8
2610350 1 1
26109487 2 2
2611910 7 0
2612015 12 12
261348124 3 3
2613636 1 1
2613955 1 1
2617117 7 7
2618048 12 12
2619388 8 8
2626416 12 12
2627466 1 1
2627693 1 1
2629240 12 12
2630661 12 12
2631419 8 8
263285 5 5
2636954 3 3
2637600 3 3
2643596 7 7
2644532 13 13
264839 7 7
2655239 1 1
265883 5 5
2662615 7 7
2663544 3 3
2669897 3 3
2679511 1 1
268298 3 3
2684435 12 12
26855 11 11
268615 8 8
269144622 2 2
2696363 3 3
2700363 8 8
270312219 3 3
2703734 3 3
2705676 5 5
270999 12 12
2710461 12 12
2711351 3 3
2714928 11 11
2717545 1 1
2718524 8 8
2720750 5 5
272289 1 1
2724900 3 3
2725407 11 11
272761 7 7
272834 1 1
2728754 1 1
2733765 5 5
2735139 12 12
2736894 12 12
2737720 7 7
2742587 3 3
274353 8 8
274731 1 1
2748123 11 11
2751178 7 7
2758059 6 6
2760748 5 5
2761526 1 1
276525 1 1
2765698 1 1
276661 1 1
2775637 1 1
2780610 5 5
2784938 1 1
2786135 3 3
279059 1 1
279381 7 7
2794036 3 3
279475 11 11
2794754 1 1
2797430 7 7
2800386 12 12
2801894 5 5
2807671 1 1
2808894 12 12
281021929 3 3
2810760 1 1
281599802 2 2
2819447 6 6
2822124 7 7
2822157 1 1
2822361 1 1
2822639 8 8
2824101 8 8
282617 12 12
283384 11 11
283600 1 1
283793372 2 2
2843581 7 7
2843829 3 3
284515 8 8
2850841 8 8
2853538 12 12
2855819 12 12
2859486 7 7
2863502 8 8
286417 1 1
2878206 1 1
2882556 3 3
2883217 3 3
2888533 1 1
2889835 8 8
2890224 12 12
28969 3 3
289912 12 12
2906367 7 7
290886 8 8
2909509 11 11
2914427 7 7
2915240 11 11
291556134 12 1
291752 1 1
2917614 8 8
2919994 1 1
2922744 12 12
2923088 5 5
292405 12 12
2926974 5 5
2929547 1 1
2935548 7 7
2939993 7 7
2940480 8 8
2941991 1 1
2947214 5 5
294928 1 1
295603 3 3
2956826 1 1
295775 7 7
295903 1 1
2959185 3 3
2960499 1 1
2960658 7 7
2962330 12 12
2963393 7 7
2975140 1 1
2980009 12 12
2980835 12 12
2980870 8 8
2982957 11 11
2983981 8 8
298571696 15 1
2987459 1 1
298839 1 1
298969 1 1
2990494 3 3
2992469 3 3
2992974 12 12
3005403 1 1
300791412 3 3
3011985 12 12
3016355 3 3
3016493 7 7
3016789 13 13
3020737 6 6
3022045 7 7
302261 5 5
3029249 5 5
3029405 8 8
3039099 8 8
3039613 1 1
304224 1 1
304260 11 11
3044147 7 7
304443 12 12
3046495 7 7
3050007 1 1
3052150 1 1
305221 12 12
3059836 5 5
306151 1 1
3070629 7 7
3076163 3 3
307740 1 1
3077465 3 3
308164 7 7
3083340 7 7
3089571 11 11
3101670 3 3
310464 1 1
3106691 11 11
310879947 2 2
3110021 8 8
3112006 6 6
3114756 8 8
3115064 1 1
3115525 3 3
311743 1 1
3118915 13 13
3119109 1 1
3119663 5 5
3124666 1 1
3125562 3 3
3128717 7 7
313343 8 8
313434 1 1
313575253 15 1
313575265 0 0
313575267 0 3
313575270 0 0
313638554 2 2
313655620 2 2
3136729 1 1
3140765 12 12
314519 8 8
3147787 7 7
3154079 1 1
3158907 12 12
3159831 1 1
3159986 12 12
3163289 13 13
316380 1 1
3172421 1 1
3173227 8 8
317446360 3 3
3177777 1 1
3179459 7 7
3181768 5 5
3183180 1 1
3185336 12 12
3187996 1 1
3188183 11 11
3191081 1 1
3191669 11 11
3193210 11 11
319793 1 1
3202962 12 12
3205139 7 7
3205220 12 12
3208943 7 7
3209673 12 12
321143 11 11
3211745 12 12
3213976 1 1
3214289 1 1
32172498 3 3
321802 1 1
3220219 1 1
322487 12 12
323454 3 3
3238025 3 3
324063 8 8
3244452 12 12
3252796 7 7
3255712 1 1
3257159 1 1
3258531 5 5
3260197 8 8
3263584 3 3
3266203 1 1
3267722 3 3
3267737 7 7
3269116 1 1
327250 7 7
3272613 7 7
3276272 12 12
3278900 5 5
3280460 12 12
328203 7 7
328800 6 6
3288386 3 3
3291005 8 8
329148 8 8
3291512 8 8
329461 12 12
3294967 1 1
3296302 11 11
3298163 11 11
3298258 3 3
3298828 7 7
3302825 1 1
330363 12 12
3312697 7 7
3321662 8 8
3322163 7 7
3323680 8 8
3325224 7 7
3333059 12 12
3340171 5 5
334100905 3 3
3341243 7 7
3344099 1 1
3347133 12 12
3348427 1 1
3350751 8 8
3353258 7 7
3353744 8 8
3354783 5 5
3356204 7 7
335623 5 5
3357323 1 1
336290 3 3
3365448 5 5
3367530 11 11
3369532 3 3
337300 11 11
3386787 12 12
338782854 3 3
3390046 11 11
3390227 7 7
3393056 12 12
3395432 5 5
3402379 7 7
340494 8 8
3406230 1 1
341792 1 1
3419443 8 8
3420122 12 12
3420622 1 1
3425176 8 8
3425641 1 1
3426677 7 7
3427017 7 7
3430584 8 8
3432397 7 7
3432537 1 1
3435667 7 7
3436003 8 8
3436317 1 1
3438602 8 8
3438830 5 5
3443910 12 12
3445293 5 5
3446618 12 12
3448779 11 11
3448781 8 8
3449721 1 1
3450769 7 7
3451228 3 3
3451665 12 12
3451723 5 5
3452494 5 5
3453856 5 5
3462778 7 7
3463775 12 12
3463915 12 12
3465634 12 12
3474495 1 1
3475748 7 7
3477013 3 3
3477130 5 5
3485821 3 3
3486680 1 1
3489413 1 1
3490202 3 3
3494242 12 12
3495587 12 12
3495905 8 8
3495952 5 5
3497047 5 5
3498138 5 5
3499299 7 7
3504059 12 12
3504865 3 3
3506309 1 1
3507167 3 3
3508746 3 3
3510933 11 11
3512106 1 1
3517072 11 11
352557 12 12
3526715 5 5
3529527 8 8
3530409 7 7
3533968 1 1
3537837 11 11
3538333 1 1
353895 7 7
3540395 7 7
3540927 3 3
3548317 7 7
3548612 1 1
354941 1 1
3550291 8 8
355053 1 1
3552663 8 8
355348617 3 3
3563387 12 12
3564755 5 5
356668598 12 12
356668607 12 12
356668615 12 12
357089 5 5
3576691 7 7
3579822 12 12
3580193 12 12
3581902 1 1
358234663 2 15
3585355 3 3
358957 7 7
3591464 7 7
3591506 7 7
3591631 1 1
3592068 8 8
3593077 1 1
3598023 5 5
3599030 1 1
3599174 1 1
3600769 5 5
3601471 8 8
3601619 7 7
360679 1 1
3608975 12 12
361132547 5 5
3614905 12 12
3621993 3 3
3630923 12 12
3631349 12 12
3634174 8 8
3634727 8 8
3635845 1 1
3638060 11 11
3638192 3 3
3644182 12 12
364432 12 12
364569463 9 9
365187 7 7
365748854 2 2
3659773 1 1
3659946 12 12
3660659 11 11
3667811 8 8
3668888 3 3
3670396 8 8
3670400 3 3
3671676 5 5
3673324 3 3
3679694 12 12
3686540 7 7
3689144 11 11
3703876 5 5
3706014 7 7
3707900 8 8
3708344 12 12
3708465 5 5
3708530 1 1
371044 1 1
3711421 11 11
3717711 5 5
372329 8 8
3728675 7 7
3729096 8 8
3733456 8 8
3735355 7 7
37515380 3 3
375385 7 7
3754707 1 1
376342 12 12
3770924 7 7
3773454 11 11
3775412 11 11
3777010 7 6
3777557 12 12
377767 1 1
3781890 11 11
3782079 1 1
3784444 7 7
3785788 12 12
3785945 5 5
3791094 7 7
3793265 1 1
3796095 8 8
3796681 1 1
3796690 7 7
3796834 11 11
379844 7 7
380263 1 1
3805017 12 12
3805354 7 7
3810750 8 8
3812090 7 7
3812897 1 1
381446 3 3
3814904 1 1
3818749 1 1
3820540 1 1
3821479 7 7
3821726 8 8
3824614 11 11
3827720 12 12
3834698 8 8
383478988 3 3
3836514 3 3
383842774 3 3
3838683 7 7
3839546 12 12
3841138 13 13
3841441 5 5
3843381 8 8
3843922 12 12
3844467 1 1
3844520 1 1
3846528 8 8
3846593 1 1
3847647 7 7
3850227 8 8
3853605 12 12
3853906 7 7
3854570 7 7
3855229 7 7
3856260 1 1
3857574 8 8
38600 5 5
3860475 3 3
3864196 1 1
3865378 5 5
3865424 8 8
3865746 1 1
3866231 8 8
3866288 3 3
3866879 7 7
3867357 8 8
3867555 12 12
3868420 7 7
3870871 12 12
387187 1 1
3873844 3 3
3873857 3 3
3873866 3 3
3873885 3 3
3873889 3 3
3873896 3 3
3873897 3 3
3873908 3 3
3874003 3 3
3874016 3 3
3874038 3 3
3874211 7 0
3874226 7 0
3874435 7 0
3874446 7 0
3874569 7 0
3874585 7 7
3874623 7 0
3874659 7 0
3874712 7 7
3874760 7 0
3874814 7 0
3874900 7 7
3874920 7 7
3874955 7 0
3874965 7 0
3874981 7 0
3874990 7 15
3874996 7 0
3875036 5 5
3875047 5 5
3875049 5 5
3875051 5 5
3875052 5 5
3875064 5 5
3875068 5 5
3875069 5 5
3875070 5 5
3875078 5 5
3875088 5 5
3875101 5 5
3875152 3 3
3875164 5 5
3875165 5 5
3875177 5 5
3875180 5 5
3875193 5 5
3875199 10 1
3875200 10 1
3875274 15 15
3875287 15 15
3875608 7 7
3875610 7 7
3875626 7 3
3875629 7 3
3875632 7 3
3875634 7 7
3875701 8 8
3875706 8 8
3875751 6 6
3875761 6 6
3876021 5 3
3876044 3 3
3876052 3 3
3876061 5 5
3876151 8 5
3876153 8 5
3876222 4 15
3876224 1 1
3876598 13 13
3876599 13 13
3876604 5 5
3876605 5 5
3876611 5 5
3876994 1 1
3877048 1 1
3877067 1 1
3877074 4 15
3877091 12 12
3877096 4 15
3877099 4 15
3877112 4 3
3877115 4 9
389378 7 7
389649 1 1
391322939 2 2
391730 1 1
392286 8 8
396086041 3 3
396086043 3 3
397536 11 11
397744192 2 2
398522 7 7
399000 2 2
399327 1 1
400369 8 8
40145 5 5
401668654 3 3
402201 7 7
402496430 15 15
402496434 5 5
405643 1 1
40673 1 1
40950501 3 3
420 1 1
421197 8 8
425295 1 1
427274 5 5
431349 8 8
432651 12 12
432984 1 1
44006 3 3
440503048 10 3
440503128 5 5
445777 8 8
445983943 9 9
446426 3 3
446519889 2 2
446954423 1 1
447004719 2 2
447120629 2 2
447210 7 7
4614 12 12
461784 12 12
463204 8 8
46371956 5 5
46371960 1 3
46371963 5 5
46371967 5 5
467614 1 1
467616 12 12
468947 7 7
469474703 6 6
469479 1 1
470054 8 8
471240 12 12
471538 3 3
476511 1 1
479869336 3 3
479884690 3 3
479907536 3 3
480034468 3 3
484 3 3
484805 5 5
488234610 12 12
488403165 2 2
488868725 9 9
489058813 14 3
489172727 6 6
489218289 12 12
489369 3 3
489421661 2 2
489685 1 1
489997441 8 15
490311564 2 2
49065969 3 3
490998761 2 2
491204525 5 5
491533320 1 1
491618165 6 6
491689491 12 12
493328357 12 12
493394434 2 2
493932882 2 2
494 3 3
494774722 12 12
494795 7 7
495352880 2 2
496186857 2 2
496192662 2 2
496339860 2 2
496946 11 11
498003897 2 2
498430067 2 2
498910477 2 2
499199019 8 8
499256187 2 2
499339402 12 12
499339403 12 12
499565146 9 15
499739 8 8
499780569 12 12
500187919 12 12
500194536 14 15
500632934 3 3
501051234 9 15
501932 7 7
502019216 10 15
502430 8 8
504744674 13 15
505244441 11 11
506379872 2 2
507033190 3 3
507044560 14 9
507050365 14 15
50734 8 8
507724 6 6
509450 13 13
510143239 14 15
510802924 5 5
511473 1 1
515954236 2 2
516493220 2 2
517010483 12 12
517405910 2 2
518288732 1 1
518522007 2 2
522064112 12 12
523132 1 1
528628 8 8
535085 12 12
536465 13 13
536498 5 5
536800 7 7
544568 7 7
545051853 12 12
545094 1 1
545675 3 3
545825 1 1
545984 12 12
547635 5 5
551734 13 13
554316762 2 2
554684122 2 2
555336 8 8
557003 11 11
557429 1 1
55794120 3 3
559225332 2 2
561444 7 7
562418 1 1
56244 1 1
565188 8 8
569021 1 1
572542 8 8
574 3 3
576319 8 8
577518 1 1
577654 5 5
578259727 2 2
58183 1 1
581907 1 1
584595236 15 15
584819 12 12
586993 1 1
587411 1 1
58802939 3 3
589532 12 12
590165 5 5
592011 7 7
592601 12 12
595652 3 3
596684 1 1
602249265 15 15
602249289 15 15
602249317 5 5
602249367 5 5
602249369 5 5
602249371 5 5
602249385 5 5
6064 8 8
609342 12 12
612127 1 1
613423 1 1
615131 7 7
616809 1 1
617196 12 12
620881 12 3
620891 7 3
622105 7 7
623232 1 1
623843 1 1
624791 8 8
626592 7 7
628504 1 1
628796 12 12
631126 12 12
632754 3 3
634035 3 3
635034 7 7
636666968 15 15
636666980 15 3
636666992 12 12
636666998 3 3
636667034 3 3
636667061 0 0
636667062 0 0
636667076 3 3
636667147 12 12
636667151 12 5
636667155 12 12
636667156 12 12
636667179 0 0
636667189 0 7
636667192 0 0
636667222 0 0
636667232 0 0
636667283 3 3
636667299 3 3
636667327 0 7
636667328 0 0
636667340 0 3
636667342 0 3
636667343 0 7
636667368 0 0
636667384 12 12
636667398 0 0
636667400 0 0
636667414 0 0
636667416 0 0
636667431 0 0
636667433 0 0
636667434 0 0
636667474 12 12
636667477 12 0
636667479 12 12
636667508 0 0
636667528 0 0
636667547 0 0
636667550 0 0
636667565 3 3
636667593 12 3
636667628 0 0
636667641 12 3
636667649 0 0
636667668 3 3
636667673 3 3
636667694 1 1
636667717 0 3
636667727 0 3
636667824 3 3
636667830 3 3
636667838 3 3
636667894 12 12
636667895 12 3
636667899 12 12
636667972 12 12
636668039 0 0
636668056 0 0
636668088 12 12
636668105 1 1
636668119 1 1
636668131 1 1
636668182 0 5
636668191 12 12
636668244 3 3
636668277 0 0
636668330 0 0
636668340 0 7
636668406 12 12
636668409 12 3
636668413 12 12
636668450 0 0
636668452 0 0
636668482 3 3
636668509 0 0
636668523 0 0
636668525 0 3
636668533 0 3
636668614 0 0
636668638 15 15
636668707 3 12
636668746 12 12
636668797 0 7
636668816 3 12
636668861 5 5
636668870 0 0
636668873 0 0
636668882 0 0
636668885 0 0
636668895 0 0
636668917 0 0
636668918 0 0
636668945 0 0
636668985 0 0
636668997 3 5
636669042 0 0
636669077 1 3
636669084 1 1
636669100 0 0
636669105 0 3
636669108 0 0
636669109 0 0
636669150 0 0
636669164 0 0
636669165 0 0
636669171 5 5
636669173 0 1
636669177 0 0
636669182 0 0
636669193 3 3
636669268 0 0
636669277 0 0
636669279 0 0
636669289 0 0
636669299 0 0
636669304 0 0
636669316 3 3
636669324 3 3
636669349 0 0
636669360 0 0
636669364 0 3
636669388 0 0
636669404 15 15
636669442 0 0
636669443 0 3
636669486 0 0
636669488 0 0
636669501 0 0
636669514 3 3
636669537 3 3
636669543 3 3
636669567 1 1
636669571 1 3
636669574 1 1
636669595 3 3
636669601 0 0
636669653 0 0
636669663 0 0
636669676 15 1
636669683 0 0
636669691 12 12
636669717 0 0
636669727 0 3
636669728 0 0
636669731 0 3
636669751 3 3
636669752 3 3
636669764 3 3
636669774 0 7
636669786 0 0
636669804 5 5
636669873 3 3
636669879 3 12
636669900 15 3
636669905 0 0
636669907 0 12
636669939 0 0
636669942 0 0
636669958 0 0
636669960 0 0
636669965 0 0
636669995 0 0
636670005 0 0
636670007 1 3
636670017 12 12
636670067 12 12
636670112 3 3
636670133 12 12
636670140 12 12
636670157 3 3
636670175 0 0
636670181 0 0
636670182 0 0
636670193 0 0
636670236 3 3
636670243 3 3
636670253 0 0
636670262 0 0
636670263 0 0
636670265 0 0
636670268 0 0
636670325 0 0
636670329 0 0
636670387 3 3
636670459 0 0
636670467 3 3
636670469 3 3
636670473 3 3
636670517 1 1
636670619 0 3
636670639 12 12
636670675 1 1
636670694 12 12
636670704 12 12
636670715 12 12
636670717 12 12
636670761 1 1
636670770 1 1
636670785 1 5
636670824 0 3
636670825 0 0
636670829 0 0
636670874 12 12
636670936 12 5
636670947 12 12
636670956 15 3
636670960 15 15
636670977 15 15
636670980 1 1
636670983 1 1
636670990 0 0
636670993 0 3
636670996 0 7
636671008 0 3
636671018 0 0
636671028 3 3
636671049 12 12
636671053 12 12
636671085 5 5
636671109 0 0
636671130 0 0
636671191 12 12
636671200 3 3
636671221 1 1
636671269 0 0
636671281 15 15
636671288 15 15
636671313 0 0
636671322 0 0
636671336 0 0
636671338 0 3
636671344 5 3
636671357 12 12
636671358 12 12
636671365 12 12
636671401 0 0
636671426 3 3
636671459 1 1
636671465 1 1
636671468 0 5
636671488 12 12
636671530 0 0
636671536 15 3
636671570 12 12
636671587 0 0
636671600 0 3
636671607 0 0
636671620 12 12
636671624 12 12
636671632 0 0
636671638 0 0
636671660 0 7
636671663 0 0
636671668 0 0
636671721 0 0
636671734 0 0
636671738 0 0
636671751 0 3
636671753 0 0
636671761 12 12
636671766 12 12
636671778 12 12
636671789 3 3
636671790 3 3
636671837 3 3
636671860 3 3
636671872 3 3
636671896 12 12
636671911 3 3
636671922 0 0
636671932 0 0
636671938 12 12
636671945 12 0
636671946 12 12
636671954 15 15
636671959 15 3
636671975 12 3
636671991 0 0
636671997 0 0
636672002 3 3
636672045 15 15
636672063 0 0
636672065 12 12
636672068 12 12
636672075 12 12
636672079 12 12
636672088 12 12
636672092 12 12
636672093 12 12
636672108 3 3
636672158 12 12
636672188 3 3
636672193 12 3
636672200 12 12
636672215 3 3
636672222 0 0
636672228 0 0
636672239 0 0
636672240 0 0
636672250 0 0
636672259 0 1
636672269 0 3
636672311 0 0
636672315 0 0
636672333 3 3
636672345 0 0
636672384 0 0
636672394 0 0
636672398 0 3
636672411 0 0
636672424 3 3
636672430 0 0
636672450 0 0
636672484 0 0
636672486 0 0
636672517 0 0
636672537 3 3
636672552 12 12
636672573 1 1
636672587 15 15
636672603 0 0
636672620 0 3
636672634 3 3
636672686 12 12
636672699 0 0
636672715 1 1
636672730 12 12
636672752 0 7
636672765 0 0
636672786 12 3
636672790 12 12
636672792 12 12
636672816 1 1
636672838 0 3
636672848 0 3
636672855 1 1
636672871 0 0
636672880 12 12
636672884 12 12
636672892 0 0
636672897 12 12
636672925 0 0
636672949 12 12
636672951 12 12
636672965 12 3
636672970 0 0
636672977 1 1
636672979 0 0
636672989 0 0
636672992 0 0
636673020 0 7
636673025 0 0
636673038 0 0
636673048 0 0
636673053 0 7
636673088 0 0
636673139 3 3
636673145 3 3
636673188 0 0
636673200 0 0
636673210 1 1
636673281 1 3
636673295 1 1
636673325 15 15
636673332 12 12
636673348 12 12
636673377 0 0
636673383 12 12
636673384 12 12
636673385 12 12
636673425 0 0
636673427 15 0
636673434 12 12
636673438 12 12
636673439 12 12
636673452 0 0
636673456 1 1
636673474 12 12
636673476 12 12
636673481 12 12
636673490 3 3
636673507 12 12
636673529 1 0
636673540 12 12
636673552 12 1
636673554 12 12
636673559 1 3
636673562 1 3
636673565 1 1
636673602 12 12
636673608 12 12
636673610 15 15
636673639 0 0
636673640 0 0
636673645 0 0
636673647 0 0
636673659 12 12
636673679 1 1
636673681 1 3
636673690 1 3
636673703 12 12
636673711 0 7
636673713 0 0
636673731 1 1
636673748 1 1
636673762 12 12
636673764 12 3
636673769 12 12
636673773 12 12
636673778 0 0
636673782 0 0
636673788 3 3
636673827 12 12
636673833 1 1
636673855 12 3
636673862 0 0
636673869 0 0
636673874 0 0
636673890 0 0
636673896 0 0
636673901 0 0
636673930 0 0
636673933 12 3
636673943 12 12
636673977 0 0
636673994 0 0
636673996 0 0
636674002 0 0
636674014 12 12
636674050 0 0
636674064 0 0
636674073 0 0
636674074 0 0
636674086 0 0
636674088 0 0
636674095 0 3
636674101 0 0
636674133 3 3
636674154 0 7
636674186 0 0
636674211 0 0
636674216 0 12
636674233 12 12
636674234 12 12
636674238 1 1
636674245 1 1
636674248 1 1
636674251 1 1
636674277 0 0
636674298 1 1
636674303 12 0
636674309 12 12
636674322 0 3
636674340 1 1
636674344 3 3
636674359 0 0
636674382 0 0
636674391 0 0
636674420 0 0
636674443 3 3
636674444 3 3
636674452 3 3
636674487 15 15
636674491 15 15
636674538 12 3
636674563 0 3
636674564 0 0
636674565 0 0
636674574 12 12
636674602 1 1
636674608 1 1
636674612 12 12
636674635 1 1
636674648 0 3
636674649 0 3
636674659 0 0
636674660 0 0
636674676 0 0
636674683 12 12
636674697 0 3
636674699 0 0
636674702 0 0
636674713 1 1
636674714 1 1
636674744 15 15
636674745 15 15
636674747 0 0
636674752 1 1
636674754 1 1
636674757 1 3
636674762 12 3
636674771 12 12
636674780 12 3
636674789 0 0
636674800 0 0
636674804 0 0
636674841 12 12
636674843 12 3
636674847 12 12
636674848 12 12
636674885 12 12
636674912 0 0
636674915 12 12
636674918 12 12
636674925 0 0
636674927 3 3
636674997 0 0
636675026 1 3
636675051 12 3
636675076 3 3
636675077 3 3
636675078 3 3
636675088 0 0
636675097 0 0
636675099 0 0
636675126 0 0
636675135 0 0
636675154 12 12
636675156 12 12
636675157 12 12
636675167 0 0
636675170 15 15
636675184 0 0
636675188 0 0
636675194 0 0
636675198 0 0
636675213 0 0
636675241 0 0
636675254 0 0
636675255 0 0
636675261 0 0
636675265 0 0
636675269 0 0
636675287 0 0
636675297 0 0
636675312 0 0
636675313 0 7
636675319 12 12
636675322 12 3
636675327 12 12
636675329 12 12
636675332 12 12
636675338 0 0
636675343 0 0
636675347 0 0
636675381 12 12
636675384 12 12
636675390 12 12
636675392 12 12
636675411 0 0
636675414 0 0
636675419 0 0
636675421 12 12
636675430 1 1
636675434 1 1
636675484 0 3
636675506 0 0
636675516 0 0
636675521 1 1
636675523 1 1
636675535 12 12
636675537 12 12
636675541 12 0
636675544 12 12
636675553 3 3
636675562 0 0
636675564 0 3
636675579 5 3
636675584 5 5
636675605 5 3
636675622 3 3
636675635 0 3
636675641 12 12
636675669 0 0
636675680 0 0
636675681 0 0
636675687 15 3
636675708 5 3
636675711 0 1
636675730 0 3
636675734 0 0
636675751 12 12
636675759 0 0
636675770 0 12
636675772 0 0
636675773 0 0
636675774 0 0
636675787 0 3
636675815 0 12
636675838 0 0
636675845 0 3
636675866 3 3
636675871 3 3
636675890 0 3
636675897 3 3
636675927 1 1
636675952 0 0
636675973 12 12
636675988 0 0
636676013 12 0
636676023 0 7
636676025 0 3
636676032 0 0
636676043 12 12
636676055 0 0
636676056 0 0
636676059 0 0
636676061 0 0
636676093 12 12
636676099 0 0
636676103 0 0
636676114 0 3
636676121 0 0
636676140 0 0
636676175 0 0
636676180 5 5
636676182 5 5
636676195 0 5
636676206 12 12
636676210 12 12
636676215 12 3
636676222 12 12
636676238 0 1
636676241 15 15
636676245 0 0
636676257 0 0
636676310 0 0
636676314 0 0
636676315 0 0
636676317 0 0
636676327 12 12
636676330 12 12
636676334 12 12
636676342 0 0
636676349 0 0
636676359 0 3
636676380 0 0
636676381 0 0
636676388 0 0
636676393 0 3
636676396 0 3
636676413 12 12
636676417 0 0
636676433 0 0
636676434 0 3
636676436 0 0
636676439 0 3
636676447 15 15
636676464 12 12
636676465 12 12
636676472 12 12
636676487 12 12
636676491 12 12
636676497 15 1
636676506 12 12
636676512 12 12
636676522 0 5
636676525 5 3
636676529 1 1
636676546 0 0
636676552 1 1
636676555 1 1
636676568 0 0
636676569 0 0
636676577 0 0
636676591 15 1
636676613 0 0
636676615 0 0
636676625 0 0
636676640 0 0
636676641 0 0
636676648 0 0
636676649 0 0
636676662 0 7
636676675 0 0
636676676 0 3
636676698 0 7
636676705 0 0
636676723 0 0
636676747 0 7
636676762 1 1
636676771 0 0
636676835 12 12
636676856 12 12
636676870 12 12
636676884 0 5
636676886 0 0
636676893 5 3
636676897 5 5
636676903 1 1
636676916 0 1
636676927 0 0
636676928 0 3
636676933 0 0
636676936 0 0
636676942 0 0
636676948 0 0
636676959 3 3
636676974 12 12
636676982 12 12
636676992 3 3
636677008 0 3
636677046 1 1
636677050 1 1
636677062 0 15
636677065 12 12
636677073 0 0
636677111 1 3
636677128 12 12
636677130 12 3
636677147 0 0
636677188 0 0
636677201 0 0
636677203 0 3
636677205 0 0
636677234 0 0
636677259 12 3
636677268 15 1
636677277 12 12
636677289 0 0
636677350 12 12
636677380 12 12
636677391 0 0
636677428 0 0
636677432 0 5
636677441 0 3
636677442 0 0
636677450 0 0
636677453 0 0
636677454 0 12
636677461 12 12
636677473 0 3
636677498 0 0
636677505 0 0
636677507 0 0
636677539 0 3
636677547 0 0
636677551 0 0
636677554 0 7
636677561 0 0
636677564 0 0
636677567 0 0
636677585 12 12
636677590 0 0
636677601 0 3
636677602 0 0
636677605 0 0
636677612 0 0
636677618 0 0
636677624 0 3
636677627 0 0
636677629 0 0
636677633 0 0
636677643 12 12
636677644 12 12
636677647 0 0
636677666 1 1
636677677 1 1
636677681 1 1
636677732 0 7
636677738 0 3
636677745 0 0
636677759 0 0
636677763 1 1
636677777 0 0
636677780 0 0
636677804 12 12
636677811 1 3
636677820 0 3
636677837 0 0
636677840 12 3
636677849 0 0
636677851 0 0
636677868 0 0
636677876 0 0
636677880 0 3
636677889 0 0
636677937 0 0
636677953 3 3
636677976 12 1
636677999 15 3
636678000 15 3
636678012 12 12
636678020 0 0
636678034 12 12
636678055 0 0
636678098 0 0
636678106 0 0
636678109 0 0
636678125 12 3
636678128 0 0
636678139 12 12
636678150 12 12
636678157 12 12
636678168 12 12
636678181 0 0
636678199 12 12
636678238 0 0
636678240 0 0
636678242 0 0
636678248 12 3
636678262 12 12
636678286 12 3
636678322 0 0
636678323 0 0
636678326 0 0
636678334 0 0
636678339 1 1
636678398 0 3
636678426 0 0
636678457 0 0
636678466 1 1
636678503 0 0
636678504 0 3
636678507 15 15
636678517 0 0
636678529 12 12
636678574 0 0
636678614 0 0
636678621 0 0
636678630 12 12
636678639 12 12
636678679 12 12
636678680 12 12
636678693 0 0
636678696 0 1
636678699 0 3
636678705 0 0
636678717 3 3
636678728 0 0
636678735 0 0
636678754 0 0
636678758 0 0
636678769 0 0
636678776 0 3
636678781 3 3
636678819 0 0
636678823 0 0
636678844 3 3
636678854 0 0
636678873 0 0
636678876 0 0
636678894 0 0
636678896 0 0
636678922 0 0
636678928 0 0
636678936 0 0
636678948 0 0
636678961 0 0
636678970 0 0
636678994 0 0
636679008 0 0
636679046 0 0
636679069 1 3
636679071 0 0
636679120 0 0
636679138 0 0
636679140 0 0
636679163 0 0
636679179 12 12
636679209 0 3
636679211 0 3
636679231 15 1
636679238 0 0
636679278 0 0
636679294 0 0
636679296 12 12
636679301 3 3
636679302 3 3
636679328 0 0
636679343 12 12
636679393 0 3
636679396 0 0
636679417 12 12
636679438 0 0
636679445 15 15
636679457 0 7
636679459 0 0
636679462 0 0
636679467 0 0
636679472 0 0
636679477 0 0
636679485 12 12
636679497 0 0
636679522 0 0
636679539 0 0
636679540 0 0
636679559 0 0
636679575 0 7
636679576 0 0
636679583 0 3
636679591 0 0
636679601 0 5
636679604 0 3
636679610 0 0
636679615 0 0
636679624 0 0
636679631 0 0
636679646 0 0
636679654 0 0
636679673 0 1
636679681 0 0
636679707 1 1
636679711 1 1
636679715 1 1
636679738 0 0
636679756 0 0
636679783 5 15
636679789 5 3
636679797 0 7
636679807 0 0
636679831 3 3
636679867 0 3
636679873 0 0
636679934 1 1
636679951 0 0
636679961 0 0
636679967 0 0
636679993 0 0
636680010 0 0
636680039 0 0
636680055 0 0
636680058 0 0
636680067 0 0
636680077 0 0
636680082 0 0
636680084 0 0
636680092 0 0
636680104 0 0
636680111 12 12
636680112 12 12
636680118 12 12
636680134 12 12
636680138 0 0
636680142 0 0
636680155 12 12
636680218 0 0
636680228 0 3
636680233 0 0
636680237 0 0
636680301 0 0
636680309 0 0
636680314 0 0
636680316 0 0
636680327 0 0
636680341 0 0
636680349 0 0
636680377 1 1
636680410 0 0
636680414 0 0
636680428 15 15
636680447 0 0
636680454 0 0
636680467 0 0
636680476 15 15
636680485 0 0
639218559 9 9
640727563 3 3
642281 1 1
644964905 2 2
653642 1 1
655143626 9 9
655413091 2 2
659262 1 1
660500 12 12
662071 12 12
662378 8 8
663350985 2 2
663741 11 11
666443 1 1
670367 7 7
671094 1 1
673774 8 8
675278058 3 3
67639 12 12
676494 1 1
683156 1 1
683561 5 5
690926 7 7
692880 12 12
69335 5 5
695261921 15 15
695762 7 7
695837578 2 2
696303744 3 3
696348 12 12
6977948 3 3
698280 12 12
702654850 10 12
702800658 5 5
708662 7 7
715243 3 3
715738 8 8
718180 11 11
72081 7 7
727765868 2 2
72830 1 1
7328118 3 3
736439011 2 2
736694880 2 2
736869479 12 12
737219152 15 15
738114161 13 15
738171806 6 6
738456322 2 2
738496032 3 3
739066754 9 9
740437332 2 2
740837 12 12
745780332 6 6
746038505 5 5
746300 8 8
746842 11 11
746939 1 1
748265 7 7
748291565 12 12
750 3 3
751218 8 8
751612012 8 8
753186368 3 3
754956476 2 2
756749 3 3
756840547 3 3
757193187 2 2
757399516 3 3
759804 12 12
762020413 3 3
762020452 3 3
763072582 9 9
764394645 2 2
76684 1 1
769 3 3
769620 1 1
772517 11 11
774640 5 5
780342622 2 2
78415 13 13
788316 5 5
791 3 3
797560 3 3
798836135 5 5
802792 12 12
805355 7 7
808660312 2 2
81478 13 13
818740 3 3
819478 8 8
820278 12 12
821182 7 0
821387 11 11
822211065 5 5
823710 1 1
829793 1 1
833645 1 1
83529 5 5
837265 8 5
841917 1 1
846677 1 1
848222 12 12
851962760 5 5
857356 7 7
857587401 2 2
85776 1 1
862169 11 11
872022881 6 6
87301 12 12
873435 13 13
87420 8 8
875227 8 8
881839 12 12
888217 3 3
889288 7 7
889558 1 1
89219 1 1
892880 12 12
893786179 3 3
895944069 5 5
896112410 5 5
896568679 2 2
902809117 5 5
908734982 2 2
909358 8 5
910601 5 5
910794852 3 3
911508 7 7
912073 12 12
912843292 3 3
914474 5 5
916601194 5 5
917392609 13 15
921192998 8 15
921331017 2 2
921479 5 5
924513936 5 5
927053167 5 5
929234199 3 3
9294818 3 3
931271 11 11
931973 1 1
932700 7 7
932843 13 13
933886 3 3
935697 11 11
939344942 6 6
941037 12 12
943027 8 8
944023697 12 12
946487 5 5
948051271 12 12
948792952 6 6
949718946 9 9
950228232 5 5
955198 1 1
955385 1 1
955509 1 1
959284 5 5
959918063 5 5
960295466 2 2
961480142 3 3
966433657 2 2
966459398 12 12
969205 11 11
970977909 12 12
974801 12 12
975901776 6 6
976083 12 12
980964581 2 2
985030 3 3
985844137 2 2
989811 11 11
990099 7 7
995942283 3 3
995942320 15 3
995942327 15 3
995942353 15 15
995942617 1 3
995942649 1 1
995942696 1 1
995942846 3 3
995943133 3 3
995943161 3 3
995943226 3 3
995943418 1 3
995943507 3 3
995943515 3 3
995943554 3 3
995943590 15 2
995943608 15 3
995943627 15 15
995943653 15 3
995943655 15 3
995943755 3 15
995943885 3 15
995943947 15 3
995943953 15 1
995944015 3 5
995944095 3 1
995944182 1 1
995944185 1 3
995944255 15 3
995944265 15 15
995944269 15 15
995944336 3 3
995944375 3 3
995944424 3 3
995944426 1 3
995944499 3 3
995944580 15 15
995944581 15 2
995944589 15 3
995944602 15 15
995944663 3 3
995944683 3 3
995944780 3 2
995944870 3 3
995944888 15 3
995944896 15 3
995944941 15 3
995944998 3 15
995945061 3 15
995945089 3 3
995945165 1 3
995945177 1 15
995945198 1 15
995945276 15 3
995945332 3 3
995945476 1 15
995945490 1 15
995945510 3 3
995945723 1 3
995945851 3 3
995945857 3 3
995945952 3 12
995946119 1 3
995946327 3 1
995946334 3 3
995946355 3 3
995946505 3 3
995946573 3 2
995946663 3 3
995946679 3 1
995946749 15 3
995946832 15 1
995946834 15 12
995946842 15 15
995946846 15 3
995946874 15 15
995946933 3 3
995946952 3 1
995947096 3 3
995947103 3 0
995947369 3 3
995947444 1 1
995947454 1 15
995947455 1 1
995947470 1 3
995947576 3 3
995947588 15 1
995947669 3 3
995947671 3 3
995947686 3 3
995947794 3 3
995947904 3 3
995947943 1 1
995947967 1 1
995948160 3 3
995948226 15 3
995948235 15 1
995948348 3 3
995948476 3 3
995948495 3 3
995948535 1 1
995948554 1 3
995948579 3 3
995948587 3 3
995948652 15 15
995948749 3 3
995948750 3 15
995948765 3 3
995948861 1 1
995948955 3 3
995948978 3 3
995949061 3 3
995949143 3 3
995949148 3 3
995949150 3 3
995949328 1 1
995949368 3 3
995949495 15 15
995949548 15 15
995949756 1 3
995949841 3 1
995949863 3 15
995949864 3 15
995949866 3 3
995949934 3 15
995950027 3 3
995950104 3 3
995950265 3 3
995950306 3 3
995950316 3 1
995950340 3 3
995950407 1 15
995950438 1 3
995950461 1 15
995950711 15 3
995950730 15 3
995950733 15 1
995950751 3 3
995950755 3 1
995950806 3 3
995950814 3 3
995950854 3 3
995950861 1 15
995950866 1 2
995950894 1 3
995950899 1 3
995950926 1 3
995950934 1 3
998905 5 5
999880 1 1
999987 3 3
A3KEX1 3 3
A5ELL7 3 3
ACH-A-32 3 3
ACH-B-1 3 3
ACH-C-1 3 3
ACH-C-2 3 3
ACH-D-2 3 3
ACH-F-1 3 3
ACT-C1 3 3
ACT-C103 3 3
ACT-C113 3 3
ACV3B1-1 3 3
ACV3B1-3 3 3
ADC-B-19 3 3
ADC-B-49 3 3
ADC-C-1 3 3
ADC-C-33 3 3
ADC3-10 3 3
ADC3-26 3 3
ADC3-27 3 3
ADC3-29 3 3
ADC3-6 3 3
AEA-1 3 3
AEA-4 3 3
AEL-1 3 3
AES-12 3 3
AET-1 3 3
AFAM004-1 3 3
AFAM022-1 3 3
AFAM024-1 3 3
AFAM025-P1 3 3
AFAM028-1 3 3
AFAM029-1 3 3
AFAM030-1 3 3
AFAM033-1 3 3
AFAM034-1 3 3
AFAM034-4 3 3
AFAM036-1 3 3
AFAM040-1 3 3
AFAM043-1 3 3
AGP1B5-1 3 3
AGP1B7-1 3 3
AGP1B8-1 3 3
AIM-6 3 3
ALC1B4-2 3 3
ALG11-1 3 3
ALP1B1-1 3 3
ALT1B1-2 3 3
ALT1B3-1 3 3
ANA1B1-1 3 3
AQU-18 3 3
AQU1B1-1 3 3
AQU1B1-2 3 3
AQU1B2-1 3 3
AQU1B5-1 3 3
AQU1B6-1 3 3
ARE1B1-2 3 3
ARE1B2-1 3 3
ARL-1 3 3
ASP3B2-1 3 3
ASP3B2-3 3 3
AXC-1 3 3
Acid-9 3 3
AmpH-36 3 3
AmpH-38 3 3
AmpH-40 3 3
AmpH-41 3 3
AmpH-86 3 3
AmpH-97 3 3
B1001-1 3 3
B1003-1 3 3
B2CBF6 3 3
B3008-1 3 3
B3011-1 3 3
B3014-1 3 3
B3016-1 3 3
BAA-105 3 3
BAC-1 3 3
BAC1B10-1 3 3
BAC1B10-3 3 3
BAC1B11-2 3 3
BAC1B11-3 3 3
BAC1B13-1 3 3
BAC1B16-1 3 3
BAC1B17-1 3 3
BAC1B2-2 3 3
BAC1B3-1 3 3
BAC1B4-1 3 3
BAC1B5-1 3 3
BAC1B9-1 3 3
BCT1B11-1 3 3
BCT1B2-1 3 3
BCT1B5-1 3 3
BED-1 3 3
BID1B3-1 3 3
BJP-14 3 3
BJP-19 3 3
BJP-21 3 3
BJP-42 3 3
BJP-50 3 3
BJP-54 3 3
BNA-1 3 3
BOC-1 3 3
BOC-4 3 3
BOR-10 3 3
BPA-1 3 3
BRA3B1-14 3 3
BRAC1-1 3 3
BRAC1-11 3 3
BRAC1-14 3 3
BRAC1-17 3 3
BRAC1-21 3 3
BRAC1-41 3 3
BRAC1-43 3 3
BRAC1-52 3 3
BRAC1-53 3 3
BRAC4-1 3 3
BRAC5-1 3 3
BRAC7-17 3 3
BRAC7-4 3 3
BSI-4 3 3
BSI-9 3 3
BSU-2 3 3
BURC1-10 3 3
BURC16-10 3 3
BURC18-1 3 3
BURC19-1 3 3
BURC20-15 3 3
BURC20-7 3 3
BURC25-5 3 3
BURC26-1 3 3
BURC28-1 3 3
BURC29-1 3 3
BURC3-109 3 3
BURC3-19 3 3
BURC3-32 3 3
BURC3-4 3 3
BURC31-3 3 3
BURC32-1 3 3
BURC34-1 3 3
BURC45-1 3 3
BURC47-1 3 3
BURC5-1 3 3
BURC50-1 3 3
BURC51-3 3 3
BURC9-6 3 3
BVA-1 3 3
BcII-48 3 3
BcII-8 3 3
Bla3-12 3 3
Bla3-13 3 3
Bla3-7 3 3
CANC2-1 3 3
CAT1B1-1 3 3
CAU-5 3 3
CCCC10-1 3 3
CCCC12-1 3 3
CCCC18-2 3 3
CCCC24-1 3 3
CCCC25-1 3 3
CCCC27-1 3 3
CCCC29-1 3 3
CD1-1 3 3
CD4-1 3 3
CD6-1 3 3
CD7-1 3 3
CEL-1 3 3
CEL-3 3 3
CGB-2 3 3
CHL1B1-1 3 3
CHR-1 3 3
CHR-5 3 3
CHR1B11-1 3 3
CHR1B12-1 3 3
CHR1B16-1 3 3
CHR1B18-1 3 3
CHR1B19-4 3 3
CHR1B20-1 3 3
CHR1B5-1 3 3
CHR1B7-1 3 3
CHR1B8-1 3 3
CHRC1-1 3 3
CHRC2-1 3 3
CHV-6 3 3
CIA-5 3 3
CLO1B1-1 3 3
CLO3B13-3 3 3
CLO3B13-4 3 3
CLO3B18-1 3 3
CLO3B20-1 3 3
CLO3B21-1 3 3
CLO3B22-1 3 3
CLO3B9-1 3 3
CMH-10 3 3
COL1B1-1 3 3
COL1B2-1 3 3
COLC1-5 3 3
COLC4-1 3 3
COLC4-3 3 3
COT3B1-2 3 3
COT3B5-1 3 3
CPI-1 3 3
CRC-6 3 3
CRO1B1-1 3 3
CRYC1-1 3 3
CRYC2-1 3 3
CTL1B1-1 3 3
CTX-M-45 3 3
CUPC10-1 3 3
CUPC3-1 3 3
CUPC4-1 3 3
CUPC9-1 3 3
CUR3B1-1 3 3
CVI-6 3 3
CepA-10 3 3
CfxA-58 3 3
CzoA-1 3 3
D3VGM9 3 3
DRA1B1-1 3 3
DYAC1-1 3 3
ECM-1 3 3
ENSC1-13 3 3
ENSC1-25 3 3
ENSC1-44 3 3
ENSC15-2 3 3
ENSC22-1 3 3
ENSC22-9 3 3
ENSC24-2 3 3
ENSC26-1 3 3
ENSC28-8 3 3
ENSC3-1 3 3
ENSC31-1 3 3
ENSC32-1 3 3
ENSC34-1 3 3
ENSC35-1 3 3
ENSC36-1 3 3
ENSC38-3 3 3
ENSC39-1 3 3
ENSC4-12 3 3
ENSC4-17 3 3
ENSC43-1 3 3
ENSC44-1 3 3
ENSC5-5 3 3
ENSC6-10 3 3
ENSC7-6 3 3
ERA-6 3 3
ERWC1-1 3 3
ESC-98 3 3
ESP-10 3 3
EWIC1-1 3 3
Ear-11 3 3
ElBla2-1 3 3
F2P8C8 3 3
F8JDV0 3 3
FAR-2 3 3
FIA-1 3 3
FLA1B1-1 3 3
FLA1B13-2 3 3
FLA1B22-1 3 3
FLA1B7-1 3 3
FLE1B1-1 3 3
FLV1B1-1 3 3
FPH-4 3 3
FUS3B1-1 3 3
FUS3B1-2 3 3
GAMC2-1 3 3
GAMC4-1 3 3
GES-A3 3 3
GOB-25 3 3
GPB3B4-1 3 3
HALC2-1 3 3
HALC3-1 3 3
HALC4-1 3 3
HALC5-1 3 3
HALC8-1 3 3
HALC8-11 3 3
HALC9-1 3 3
HERC1-1 3 3
HERC1-2 3 3
HIR1B1-1 3 3
HYM1B4-1 3 3
HugA-8 3 3
I4EUD8 3 3
I6Z913 3 3
IGN1B2-1 3 3
IND-B1 3 3
IND-B21 3 3
IND-B25 3 3
J0UWA2 3 3
J8T3I5 3 3
JANC3-1 3 3
JANC4-2 3 3
K4YE56 3 3
KLUC-6 3 3
KOR1B3-1 3 3
L1-48 3 3
L1-53 3 3
L1-57 3 3
L1-59 3 3
L2-101 3 3
L2-32 3 3
L2-56 3 3
L2-66 3 3
L2-84 3 3
L2-89 3 3
L2-92 3 3
LAP-3 3 3
LEA1B1-1 3 3
LEGC1-7 3 3
LEGC2-1 3 3
LEGC3-1 3 3
LEGC7-1 3 3
LEGC9-1 3 3
LEP1B1-1 3 3
LEP1B1-2 3 3
LEP1B3-1 3 3
LEP1B5-1 3 3
LEP1B7-1 3 3
LEP1B8-1 3 3
LRA12-1 3 3
LRA3-2 3 3
M5J3D2 3 3
MAR3B1-1 3 3
MAR3B1-2 3 3
METC1-2 3 3
METC2-1 3 3
METC3-5 3 3
MIVC1-1 3 3
MNB3B1-1 3 3
MOH1B1-1 3 3
MOX-C5 3 3
MRN1B1-1 3 3
MUC1B2-1 3 3
MUC1B3-1 3 3
MUR1B3-1 3 3
MUS-7 3 3
MWI-1 3 3
MYC3B3-2 3 3
MYCC6-1 3 3
MYCC6-4 3 3
MYR1B1-1 3 3
NDM-18 3 3
NOC3B6-1 3 3
OCH-10 3 3
OKP-B-A11 3 3
OXA-443 3 3
OXA-568 3 3
OXA-576 3 3
OXA-659 3 3
OXA-D1000 3 3
OXA-D1008 3 3
OXA-D1026 3 3
OXA-D1028 3 3
OXA-D1041 3 3
OXA-D1042 3 3
OXA-D1044 3 3
OXA-D1045 3 3
OXA-D1047 3 3
OXA-D1054 3 3
OXA-D1059 3 3
OXA-D1070 3 3
OXA-D1072 3 3
OXA-D1081 3 3
OXA-D1085 3 3
OXA-D110 3 3
OXA-D1101 3 3
OXA-D1102 3 3
OXA-D1118 3 3
OXA-D1122 3 3
OXA-D1141 3 3
OXA-D1150 3 3
OXA-D1155 3 3
OXA-D1157 3 3
OXA-D1158 3 3
OXA-D1159 3 3
OXA-D1172 3 3
OXA-D1173 3 3
OXA-D1175 3 3
OXA-D1178 3 3
OXA-D1181 3 3
OXA-D1189 3 3
OXA-D1190 3 3
OXA-D1224 3 3
OXA-D1229 3 3
OXA-D1231 3 3
OXA-D1247 3 3
OXA-D135 3 3
OXA-D136 3 3
OXA-D137 3 3
OXA-D1420 3 3
OXA-D1430 3 3
OXA-D1453 3 3
OXA-D1462 3 3
OXA-D1463 3 3
OXA-D149 3 3
OXA-D181 3 3
OXA-D182 3 3
OXA-D183 3 3
OXA-D188 3 3
OXA-D195 3 3
OXA-D225 3 3
OXA-D341 3 3
OXA-D365 3 3
OXA-D367 3 3
OXA-D389 3 3
OXA-D404 3 3
OXA-D408 3 3
OXA-D409 3 3
OXA-D411 3 3
OXA-D416 3 3
OXA-D418 3 3
OXA-D444 3 3
OXA-D447 3 3
OXA-D474 3 3
OXA-D534 3 3
OXA-D597 3 3
OXA-D616 3 3
OXA-D617 3 3
OXA-D618 3 3
OXA-D653 3 3
OXA-D69 3 3
OXA-D697 3 3
OXA-D829 3 3
OXA-D831 3 3
OXA-D841 3 3
OXA-D842 3 3
OXA-D850 3 3
OXA-D858 3 3
OXA-D867 3 3
OXA-D871 3 3
OXA-D873 3 3
OXA-D879 3 3
OXA-D883 3 3
OXA-D886 3 3
OXA-D890 3 3
OXA-D891 3 3
OXA-D895 3 3
OXA-D899 3 3
OXA-D901 3 3
OXA-D904 3 3
OXA-D911 3 3
OXA-D923 3 3
OXA-D928 3 3
OXA-D931 3 3
OXA-D934 3 3
OXA-D938 3 3
OXA-D941 3 3
OXA-D943 3 3
OXA-D952 3 3
OXA-D954 3 3
OXA-D956 3 3
OXA-D962 3 3
OXA-D967 3 3
OXA-D978 3 3
OXA-D979 3 3
OXA-D984 3 3
OXA-D995 3 3
OXA-D998 3 3
PAD-1 3 3
PADC5-2 3 3
PADC6-3 3 3
PAL-1 3 3
PAL1B1-1 3 3
PANC11-1 3 3
PANC7-1 3 3
PC2-11 3 3
PDC-B-2 3 3
PDC-C-2 3 3
PDC-D-1 3 3
PDC-E-10 3 3
PDC-E-11 3 3
PDC-F-1 3 3
PDC-F-6 3 3
PDC-I-13 3 3
PED1B1-1 3 3
PED1B2-1 3 3
PED1B3-1 3 3
PED1B5-1 3 3
PED1B7-1 3 3
PED1B8-1 3 3
PER-10 3 3
PHO1B1-1 3 3
PON1B1-1 3 3
PON1B4-1 3 3
PON1B5-1 3 3
PPU-16 3 3
PPU-24 3 3
PPU-25 3 3
PPU-32 3 3
PPU-36 3 3
PPU-40 3 3
PRA-10 3 3
PRO1B1-1 3 3
PRR-3 3 3
PRS-10 3 3
PRS-7 3 3
PSA1B2-1 3 3
PSA1B7-1 3 3
PSA3B2-1 3 3
PSB-5 3 3
PSB1B1-1 3 3
PSC-1 3 3
PSEC1-1 3 3
PSEC1-20 3 3
PSEC1-24 3 3
PSEC10-16 3 3
PSEC12-1 3 3
PSEC15-1 3 3
PSEC19-11 3 3
PSEC24-10 3 3
PSEC24-13 3 3
PSEC25-23 3 3
PSEC25-26 3 3
PSEC25-30 3 3
PSEC25-43 3 3
PSEC25-49 3 3
PSEC25-60 3 3
PSEC3-14 3 3
PSEC4-14 3 3
PSEC4-21 3 3
PSEC5-12 3 3
PSEC5-17 3 3
PSEC5-47 3 3
PSEC5-60 3 3
PSEC5-65 3 3
PSEC6-28 3 3
PSEC6-33 3 3
PSEC6-36 3 3
PSEC7-6 3 3
PSEC7-7 3 3
PSEC7-8 3 3
PSEC9-8 3 3
PSYC1-1 3 3
PSYC3-1 3 3
PenB-103 3 3
PenB-105 3 3
PenB-31 3 3
PenB-64 3 3
PenE-22 3 3
PenP-11 3 3
PenP-16 3 3
PenP-19 3 3
PenP-22 3 3
PenP-30 3 3
PenP-60 3 3
PenP-67 3 3
PenP-70 3 3
PenP-77 3 3
PenP-81 3 3
PenP-A1 3 3
Q8GQB0 3 3
RHE1B1-2 3 3
RM3-7 3 3
SALC1-1 3 3
SALC1-3 3 3
SALC1-4 3 3
SDA-D-2 3 3
SDA-F-11 3 3
SDA-F-12 3 3
SDA-F-16 3 3
SDA-F-20 3 3
SDA-F-24 3 3
SDA-F-26 3 3
SDA-F-28 3 3
SDA-F-29 3 3
SDA-F-4 3 3
SDA-F-5 3 3
SDA-K-1 3 3
SDA-K-7 3 3
SDA-S-1 3 3
SDA-V-1 3 3
SEF-1 3 3
SERC3-1 3 3
SGM-15 3 3
SGM-19 3 3
SGM-33 3 3
SHB-4 3 3
SHD-1 3 3
SHE1B1-1 3 3
SHE1B10-1 3 3
SHE1B4-1 3 3
SHE1B4-2 3 3
SHN-1 3 3
SHV-A108 3 3
SMB-2 3 3
SMB-4 3 3
SMB-5 3 3
SMO-1 3 3
SON-1 3 3
SON-12 3 3
SON-14 3 3
SON-16 3 3
SPB3B1-1 3 3
SPB3B4-1 3 3
SPH1B4-1 3 3
SPHC1-1 3 3
SPHC1-4 3 3
SPI1B1-1 3 3
SPI1B4-1 3 3
SPI1B6-1 3 3
SPI1B7-1 3 3
SPM3B3-1 3 3
SPM3B8-7 3 3
SPR-7 3 3
SRO-2 3 3
SRU-2 3 3
STR3B13-1 3 3
STR3B15-1 3 3
STR3B2-1 3 3
STR3B3-1 3 3
STR3B4-1 3 3
STR3B9-1 3 3
TAT-1 3 3
TEM-A20 3 3
TEN1B1-1 3 3
TEN1B2-1 3 3
TER3B1-1 3 3
THIN-B-10 3 3
THIN-B-2 3 3
THIN-B-4 3 3
THIN-B-5 3 3
TTU-1 3 3
U1TP82 3 3
UNC1B10-1 3 3
UNC1B11-1 3 3
UNC1B16-1 3 3
UNC1B2-1 3 3
UNC1B6-1 3 3
UNC1B7-1 3 3
UNC1B8-1 3 3
UNC3B2-1 3 3
UNC3B2-3 3 3
VAG1B1-1 3 3
VAR3B1-2 3 3
VAR3B4-1 3 3
VAR3B4-3 3 3
VAR3B4-6 3 3
VDA-N-1 3 3
VIB1B2-1 3 3
VIB1B4-1 3 3
VIB3B11-1 3 3
VIB3B2-1 3 3
VIB3B6-11 3 3
VIB3B7-4 3 3
VIB3B9-6 3 3
VIBC1-1 3 3
VIBC3-10 3 3
VIBC5-1 3 3
VIBC6-1 3 3
VIM-48 3 3
XAN-1 3 3
XB3X1-1 3 3
XB3X100-1 3 3
XB3X1013-2 3 3
XB3X1018-1 3 3
XB3X1023-1 3 3
XB3X1026-1 3 3
XB3X1029-1 3 3
XB3X103-1 3 3
XB3X1032-1 3 3
XB3X1037-1 3 3
XB3X1044-1 3 3
XB3X1048-1 3 3
XB3X1051-1 3 3
XB3X1054-1 3 3
XB3X1055-6 3 3
XB3X1066-1 3 3
XB3X1070-1 3 3
XB3X1079-1 3 3
XB3X1082-1 3 3
XB3X1085-1 3 3
XB3X1088-1 3 3
XB3X1089-1 3 3
XB3X109-1 3 3
XB3X1091-2 3 3
XB3X110-1 3 3
XB3X1105-1 3 3
XB3X1109-1 3 3
XB3X1115-3 3 3
XB3X1123-1 3 3
XB3X1126-1 3 3
XB3X1128-1 3 3
XB3X113-1 3 3
XB3X1131-2 3 3
XB3X1138-1 3 3
XB3X118-1 3 3
XB3X121-1 3 3
XB3X126-1 3 3
XB3X13-1 3 3
XB3X130-1 3 3
XB3X131-1 3 3
XB3X135-1 3 3
XB3X136-1 3 3
XB3X144-1 3 3
XB3X147-1 3 3
XB3X149-3 3 3
XB3X164-1 3 3
XB3X165-1 3 3
XB3X167-1 3 3
XB3X171-1 3 3
XB3X172-1 3 3
XB3X184-1 3 3
XB3X193-4 3 3
XB3X211-2 3 3
XB3X216-1 3 3
XB3X219-1 3 3
XB3X22-1 3 3
XB3X225-1 3 3
XB3X263-2 3 3
XB3X272-1 3 3
XB3X276-1 3 3
XB3X278-1 3 3
XB3X281-1 3 3
XB3X282-1 3 3
XB3X29-1 3 3
XB3X302-1 3 3
XB3X310-1 3 3
XB3X317-1 3 3
XB3X318-1 3 3
XB3X327-1 3 3
XB3X329-1 3 3
XB3X330-1 3 3
XB3X330-2 3 3
XB3X333-2 3 3
XB3X337-1 3 3
XB3X338-1 3 3
XB3X342-1 3 3
XB3X344-2 3 3
XB3X350-1 3 3
XB3X351-1 3 3
XB3X351-2 3 3
XB3X355-2 3 3
XB3X358-1 3 3
XB3X366-1 3 3
XB3X367-1 3 3
XB3X368-1 3 3
XB3X372-1 3 3
XB3X388-1 3 3
XB3X391-121 3 3
XB3X4-1 3 3
XB3X41-2 3 3
XB3X53-1 3 3
XB3X54-1 3 3
XB3X55-2 3 3
XB3X550-10 3 3
XB3X570-1 3 3
XB3X58-1 3 3
XB3X597-1 3 3
XB3X6-1 3 3
XB3X611-1 3 3
XB3X65-3 3 3
XB3X657-1 3 3
XB3X662-1 3 3
XB3X663-1 3 3
XB3X687-1 3 3
XB3X69-1 3 3
XB3X693-1 3 3
XB3X696-1 3 3
XB3X70-1 3 3
XB3X700-1 3 3
XB3X702-1 3 3
XB3X706-1 3 3
XB3X707-1 3 3
XB3X709-2 3 3
XB3X722-1 3 3
XB3X722-2 3 3
XB3X726-1 3 3
XB3X734-1 3 3
XB3X802-1 3 3
XB3X802-15 3 3
XB3X802-22 3 3
XB3X802-9 3 3
XB3X828-1 3 3
XB3X828-6 3 3
XB3X850-1 3 3
XB3X854-1 3 3
XB3X858-1 3 3
XB3X872-1 3 3
XB3X884-1 3 3
XB3X891-1 3 3
XB3X896-1 3 3
XB3X899-1 3 3
XB3X899-10 3 3
XB3X899-6 3 3
XB3X948-3 3 3
XB3X948-6 3 3
XB3X975-1 3 3
XB3X979-1 3 3
XB3X980-1 3 3
XB3X981-1 3 3
XB3X989-3 3 3
XB3X995-1 3 3
XB3X996-1 3 3
XDA-A-10 3 3
XDA-A-50 3 3
XDA-A-64 3 3
XDA-A-83 3 3
YEC-30 3 3
YEC-58 3 3
YEK-1 3 3
YIN-1 3 3
ZOB1B1-1 3 3
aminoglycoside__aadE 5 5
aminoglycoside__viomycin_phosphotransferase 5 5
beta-lactam__class_A_beta-lactamase 3 3
beta-lactam__class_C_beta-lactamase 3 3
chloramphenicol__cat_chloramphenicol_acetyltransferase 15 0
chloramphenicol__chloramphenicol_and_florfenicol_exporter 15 15
chloramphenicol__chloramphenicol_exporter 15 3
kasugamycin__kasugamycin_resistance_protein_ksgA 5 8
macrolide-lincosamide-streptogramin__ermE 9 8
macrolide-lincosamide-streptogramin__lmrB 9 15
multidrug__EmrB-QacA_family_major_facilitator_transporter 2 1
multidrug__bicyclomycin-multidrug_efflux_protein_bcr 2 15
multidrug__mdtA 2 2
multidrug__mexE 2 2
multidrug__norA 2 2
multidrug__omp36 2 2
multidrug__oprC 2 3
multidrug__smeD 2 2
quinolone__qnrB 13 13
quinolone__qnrS 13 13
rifamycin__ADP-ribosylating_transferase_arr 10 1
sulfonamide__sul2 11 11
tetracycline__tetM 1 1
tetracycline__tetracycline_resistance_protein 1 1
trimethoprim__dfrA17 7 7
vancomycin__vanW 12 12
